5.0
10.0
20.0
30.0
35.0
31.837722339831622
30.0
35.0
31.837722339831622
35.0
40.0
45.0
41.83772233983162
30.52786404500042
10.52786404500042
-8.16227766016838
-19.47213595499958
-38.16227766016838
-40.0
-43.16227766016838
-40.0
-35.0
-25.0
-20.0
-15.0
-10.0
-4.47213595499958
-24.47213595499958
-35.0
-39.47213595499958
-58.16227766016838
-55.0
-45.0
-40.0
-44.47213595499958
-64.47213595499957
-70.0
-60.0
-63.16227766016838
-74.47213595499957
-80.0
-75.0
-70.0
-74.47213595499957
-94.47213595499957
-105.0
-95.0
-99.47213595499957
-119.47213595499957
-130.0
-125.0
-115.0
-110.0
-105.0
-108.16227766016839
-118.16227766016839
-115.0
10.0
6.83772233983162
10.0
15.0
20.0
30.0
25.52786404500042
5.52786404500042
-13.16227766016838
-24.47213595499958
-30.0
-20.0
-24.47213595499958
-44.47213595499958
-63.16227766016838
-60.0
-63.16227766016838
-74.47213595499957
-94.47213595499957
-113.16227766016839
-115.0
-118.16227766016839
-115.0
-119.47213595499957
-139.47213595499957
-158.16227766016837
-168.16227766016837
-178.16227766016837
-188.16227766016837
-190.0
-185.0
-188.16227766016837
-185.0
5.0
0.5278640450004204
-10.0
-14.47213595499958
-34.47213595499958
-40.0
-30.0
-33.16227766016838
-44.47213595499958
-63.16227766016838
-74.47213595499957
-94.47213595499957
-114.47213595499957
-125.0
-115.0
-119.47213595499957
-130.0
-133.16227766016837
-135.0
-138.16227766016837
-148.16227766016837
-145.0
-140.0
-143.16227766016837
-145.0
-149.47213595499957
-168.16227766016837
-165.0
-169.47213595499957
-188.16227766016837
-198.16227766016837
-208.16227766016837
-205.0
-195.0
5.0
15.0
10.52786404500042
0.0
-3.1622776601683795
-13.16227766016838
-23.162277660168378
-25.0
-28.162277660168378
-25.0
-28.162277660168378
-30.0
-33.16227766016838
-43.16227766016838
-40.0
-30.0
-33.16227766016838
-43.16227766016838
-54.47213595499958
-74.47213595499957
-85.0
-75.0
-78.16227766016839
-89.47213595499957
-108.16227766016839
-118.16227766016839
-129.47213595499957
-140.0
-144.47213595499957
-150.0
-145.0
-149.47213595499957
-169.47213595499957
-189.47213595499957
-200.0
10.0
6.83772233983162
10.0
6.83772233983162
-3.1622776601683795
-14.47213595499958
-20.0
-24.47213595499958
-30.0
-25.0
-29.47213595499958
-48.16227766016838
-59.47213595499958
-65.0
-69.47213595499957
-88.16227766016839
-99.47213595499957
-118.16227766016839
-129.47213595499957
-135.0
-125.0
-129.47213595499957
-135.0
5.0
1.8377223398316205
-8.16227766016838
-5.0
5.0
15.0
11.83772233983162
1.8377223398316205
5.0
10.0
5.52786404500042
0.0
-3.1622776601683795
0.0
5.0
0.5278640450004204
-5.0
5.0
5.0
1.8377223398316205
-8.16227766016838
-5.0
-9.47213595499958
-28.162277660168378
-30.0
-25.0
-20.0
-24.47213595499958
-30.0
-33.16227766016838
-35.0
-25.0
-29.47213595499958
-48.16227766016838
-45.0
-40.0
-30.0
-34.47213595499958
-40.0
-30.0
-4.47213595499958
-15.0
-10.0
0.0
10.0
20.0
30.0
25.52786404500042
20.0
16.837722339831622
20.0
25.0
30.0
35.0
40.0
35.52786404500042
25.0
30.0
35.0
30.52786404500042
11.83772233983162
15.0
10.52786404500042
-8.16227766016838
-18.162277660168378
-15.0
-19.47213595499958
-30.0
-25.0
-28.162277660168378
10.0
6.83772233983162
-4.47213595499958
-24.47213595499958
-30.0
-25.0
-28.162277660168378
-39.47213595499958
-50.0
-45.0
-49.47213595499958
-68.16227766016839
-79.47213595499957
-85.0
-75.0
-78.16227766016839
-80.0
-70.0
-74.47213595499957
-94.47213595499957
-113.16227766016839
-124.47213595499957
-135.0
-130.0
-133.16227766016837
-135.0
-125.0
-128.16227766016837
-138.16227766016837
-148.16227766016837
-159.47213595499957
-179.47213595499957
-190.0
-194.47213595499957
-213.16227766016837
-224.47213595499957
-235.0
-238.16227766016837
-248.16227766016837
-258.1622776601684
-260.0
-255.0
-245.0
-3.1622776601683795
0.0
-3.1622776601683795
-5.0
5.0
10.0
20.0
16.837722339831622
5.52786404500042
-14.47213595499958
-33.16227766016838
-44.47213595499958
-64.47213595499957
-84.47213595499957
-104.47213595499957
-115.0
-110.0
-114.47213595499957
-125.0
-128.16227766016837
-139.47213595499957
-150.0
-140.0
-130.0
-133.16227766016837
-143.16227766016837
-145.0
-135.0
-138.16227766016837
-135.0
10.0
20.0
30.0
25.52786404500042
20.0
30.0
40.0
35.52786404500042
25.0
30.0
40.0
36.83772233983162
40.0
36.83772233983162
25.52786404500042
6.83772233983162
5.0
0.5278640450004204
-18.162277660168378
-15.0
5.0
1.8377223398316205
0.0
-3.1622776601683795
0.0
-4.47213595499958
-24.47213595499958
-43.16227766016838
-40.0
-30.0
-20.0
-15.0
-18.162277660168378
-29.47213595499958
-49.47213595499958
-69.47213595499957
-88.16227766016839
-90.0
-80.0
-83.16227766016839
-94.47213595499957
-113.16227766016839
-115.0
-110.0
-113.16227766016839
-124.47213595499957
-144.47213595499957
-150.0
-4.47213595499958
-24.47213595499958
-35.0
-38.16227766016838
-40.0
-44.47213595499958
-50.0
-54.47213595499958
-60.0
-63.16227766016838
-60.0
-64.47213595499957
-75.0
-70.0
-73.16227766016839
-75.0
-70.0
-60.0
-64.47213595499957
-84.47213595499957
-95.0
-85.0
-89.47213595499957
-109.47213595499957
-120.0
-110.0
-105.0
-108.16227766016839
-119.47213595499957
-125.0
10.0
20.0
25.0
30.0
26.837722339831622
30.0
35.0
45.0
55.0
60.0
65.0
61.83772233983162
60.0
70.0
66.83772233983161
56.83772233983162
55.0
65.0
5.0
0.5278640450004204
-18.162277660168378
-20.0
-15.0
-10.0
-13.16227766016838
-23.162277660168378
-25.0
-29.47213595499958
-35.0
-38.16227766016838
-49.47213595499958
-55.0
-45.0
-49.47213595499958
-69.47213595499957
-89.47213595499957
-95.0
-90.0
-85.0
-88.16227766016839
-90.0
-93.16227766016839
-103.16227766016839
-105.0
-95.0
-98.16227766016839
-109.47213595499957
-115.0
-4.47213595499958
-15.0
-18.162277660168378
-15.0
-19.47213595499958
-25.0
-29.47213595499958
-40.0
-35.0
-38.16227766016838
-49.47213595499958
-55.0
-59.47213595499958
-65.0
-55.0
-50.0
-40.0
-30.0
-33.16227766016838
-30.0
10.0
5.52786404500042
-5.0
-8.16227766016838
-5.0
0.0
5.0
0.5278640450004204
-18.162277660168378
-15.0
-5.0
5.0
15.0
11.83772233983162
10.0
6.83772233983162
-4.47213595499958
-15.0
-19.47213595499958
-38.16227766016838
-40.0
-44.47213595499958
-55.0
-45.0
-49.47213595499958
-68.16227766016839
-4.47213595499958
-10.0
-14.47213595499958
-34.47213595499958
-54.47213595499958
-60.0
-55.0
-58.16227766016838
-60.0
-55.0
-59.47213595499958
-78.16227766016839
-88.16227766016839
-99.47213595499957
-118.16227766016839
-115.0
-118.16227766016839
-128.16227766016837
-139.47213595499957
-158.16227766016837
-168.16227766016837
-170.0
-160.0
-163.16227766016837
-173.16227766016837
-183.16227766016837
-193.16227766016837
-195.0
-190.0
-193.16227766016837
-190.0
-3.1622776601683795
0.0
-4.47213595499958
-15.0
-18.162277660168378
-29.47213595499958
-35.0
-25.0
-28.162277660168378
-30.0
-20.0
-15.0
-18.162277660168378
-15.0
-5.0
5.0
0.5278640450004204
-5.0
0.0
10.0
5.0
1.8377223398316205
-8.16227766016838
-18.162277660168378
-15.0
-18.162277660168378
-28.162277660168378
-25.0
-29.47213595499958
-48.16227766016838
-59.47213595499958
-70.0
-65.0
-68.16227766016839
-65.0
-69.47213595499957
-89.47213595499957
-100.0
-103.16227766016839
-105.0
-100.0
-90.0
-80.0
-75.0
-70.0
-73.16227766016839
-70.0
10.0
15.0
11.83772233983162
15.0
11.83772233983162
10.0
6.83772233983162
-3.1622776601683795
0.0
-3.1622776601683795
0.0
5.0
0.5278640450004204
-19.47213595499958
-25.0
-15.0
-19.47213595499958
-25.0
-28.162277660168378
-39.47213595499958
-45.0
-40.0
-43.16227766016838
-40.0
5.0
10.0
15.0
25.0
35.0
30.52786404500042
25.0
35.0
45.0
55.0
51.83772233983162
41.83772233983162
30.52786404500042
20.0
25.0
20.52786404500042
1.8377223398316205
-9.47213595499958
-29.47213595499958
-40.0
-35.0
-38.16227766016838
-49.47213595499958
-69.47213595499957
-89.47213595499957
-95.0
-3.1622776601683795
-5.0
0.0
-3.1622776601683795
-13.16227766016838
-10.0
-14.47213595499958
-25.0
-28.162277660168378
-38.16227766016838
-48.16227766016838
-59.47213595499958
-70.0
-73.16227766016839
-84.47213595499957
-104.47213595499957
-123.16227766016839
-125.0
-115.0
-105.0
-109.47213595499957
-128.16227766016837
-125.0
-120.0
-123.16227766016839
-125.0
-120.0
-115.0
-110.0
-114.47213595499957
-125.0
-115.0
-119.47213595499957
-125.0
-115.0
10.0
15.0
11.83772233983162
15.0
25.0
35.0
31.837722339831622
30.0
25.52786404500042
20.0
30.0
25.52786404500042
6.83772233983162
10.0
20.0
16.837722339831622
6.83772233983162
10.0
5.0
15.0
11.83772233983162
0.5278640450004204
-19.47213595499958
-38.16227766016838
-48.16227766016838
-45.0
-48.16227766016838
-50.0
-40.0
-44.47213595499958
-64.47213595499957
-75.0
-78.16227766016839
-75.0
-79.47213595499957
-90.0
-94.47213595499957
-105.0
-100.0
-103.16227766016839
-105.0
-100.0
-95.0
-98.16227766016839
-108.16227766016839
-119.47213595499957
-139.47213595499957
-159.47213595499957
-178.16227766016837
-189.47213595499957
-200.0
-204.47213595499957
-223.16227766016837
-220.0
-3.1622776601683795
-5.0
0.0
-3.1622776601683795
-5.0
5.0
1.8377223398316205
-8.16227766016838
-18.162277660168378
-28.162277660168378
-30.0
-34.47213595499958
-45.0
-40.0
-43.16227766016838
-45.0
-40.0
-35.0
-39.47213595499958
-50.0
-45.0
-35.0
-38.16227766016838
-40.0
-30.0
-20.0
-3.1622776601683795
-5.0
-8.16227766016838
-19.47213595499958
-39.47213595499958
-45.0
-40.0
-35.0
-30.0
-34.47213595499958
-54.47213595499958
-73.16227766016839
-75.0
-78.16227766016839
-88.16227766016839
-85.0
-80.0
-83.16227766016839
-85.0
-80.0
-70.0
-60.0
-64.47213595499957
-83.16227766016839
-93.16227766016839
-90.0
-94.47213595499957
-105.0
-108.16227766016839
-105.0
-3.1622776601683795
-5.0
0.0
-4.47213595499958
-15.0
-5.0
0.0
-4.47213595499958
-10.0
-13.16227766016838
-15.0
-10.0
-5.0
0.0
-4.47213595499958
-10.0
-5.0
-9.47213595499958
-20.0
-15.0
-10.0
-5.0
-8.16227766016838
-5.0
5.0
1.8377223398316205
-9.47213595499958
-29.47213595499958
-48.16227766016838
-58.16227766016838
-3.1622776601683795
-13.16227766016838
-15.0
-10.0
-13.16227766016838
-15.0
-10.0
0.0
10.0
5.52786404500042
-14.47213595499958
-33.16227766016838
-30.0
-20.0
-15.0
-5.0
-9.47213595499958
-29.47213595499958
-49.47213595499958
-60.0
-64.47213595499957
-70.0
-65.0
-69.47213595499957
-88.16227766016839
-99.47213595499957
-119.47213595499957
-130.0
-134.47213595499957
-140.0
-3.1622776601683795
0.0
-3.1622776601683795
-13.16227766016838
-24.47213595499958
-35.0
-30.0
-33.16227766016838
-30.0
-33.16227766016838
-43.16227766016838
-53.16227766016838
-63.16227766016838
-60.0
-64.47213595499957
-84.47213595499957
-104.47213595499957
-110.0
-100.0
-95.0
-90.0
-94.47213595499957
-113.16227766016839
-115.0
-119.47213595499957
-125.0
-128.16227766016837
-125.0
-4.47213595499958
-23.162277660168378
-25.0
-29.47213595499958
-49.47213595499958
-69.47213595499957
-89.47213595499957
-100.0
-104.47213595499957
-110.0
-114.47213595499957
-120.0
-115.0
-110.0
-113.16227766016839
-124.47213595499957
-144.47213595499957
-155.0
-158.16227766016837
-168.16227766016837
-179.47213595499957
-190.0
-180.0
-175.0
-170.0
-173.16227766016837
-175.0
-170.0
-160.0
-164.47213595499957
-170.0
-165.0
-169.47213595499957
-175.0
-170.0
-160.0
5.0
10.0
20.0
15.52786404500042
10.0
20.0
25.0
20.52786404500042
10.0
6.83772233983162
5.0
1.8377223398316205
0.0
-4.47213595499958
-15.0
-10.0
0.0
10.0
20.0
16.837722339831622
5.52786404500042
0.0
5.0
10.0
5.52786404500042
-14.47213595499958
-25.0
-29.47213595499958
-35.0
-39.47213595499958
-50.0
-53.16227766016838
-50.0
-40.0
-43.16227766016838
-40.0
-44.47213595499958
-55.0
-59.47213595499958
-70.0
-73.16227766016839
-83.16227766016839
-94.47213595499957
-105.0
-100.0
-90.0
-94.47213595499957
-100.0
-103.16227766016839
-100.0
-103.16227766016839
-114.47213595499957
-133.16227766016837
-135.0
-139.47213595499957
-150.0
-145.0
-140.0
-130.0
-133.16227766016837
-130.0
10.0
20.0
16.837722339831622
6.83772233983162
10.0
15.0
11.83772233983162
10.0
5.52786404500042
-5.0
0.0
-3.1622776601683795
-13.16227766016838
-15.0
-19.47213595499958
-30.0
-33.16227766016838
-43.16227766016838
-54.47213595499958
-74.47213595499957
-94.47213595499957
-105.0
-100.0
-103.16227766016839
-114.47213595499957
-125.0
-128.16227766016837
-139.47213595499957
-145.0
-149.47213595499957
-160.0
-150.0
-3.1622776601683795
0.0
10.0
5.52786404500042
-13.16227766016838
-23.162277660168378
-20.0
-24.47213595499958
-43.16227766016838
-45.0
-35.0
-25.0
-20.0
