93 1 3 3 3
86 24 3 3 3
86 23 4 4 5
91 47 4 4 4
94 29 4 4 4
92 42 3 3 4
83 30 4 4 4
87 28 4 4 5
94 28 3 3 4
99 3 4 4 5
98 29 4 4 4
94 17 3 3 3
97 29 4 4 4
81 32 3 3 5
98 41 4 4 4
83 31 3 3 4
82 17 3 3 3
88 14 4 4 5
86 34 4 4 4
85 26 4 4 5
80 12 3 3 5
87 44 3 3 4
85 1 3 3 5
81 32 3 3 3
88 36 3 3 3
97 31 4 4 3
80 0 3 3 4
89 31 3 3 4
93 31 3 3 5
97 47 4 4 5
85 4 4 4 4
87 41 3 3 4
89 48 4 4 5
87 48 3 3 5
96 42 3 3 4
97 9 4 4 5
83 44 3 3 5
96 8 4 4 3
82 38 3 3 5
83 39 4 4 5
92 37 3 3 5
86 44 3 3 3
95 5 3 3 3
85 9 3 3 5
89 22 4 4 4
91 3 4 4 4
98 29 4 4 4
80 9 3 3 3
97 47 3 3 4
97 14 4 4 5
87 23 3 3 3
81 21 4 4 5
99 35 4 4 3
80 5 4 4 5
87 29 4 4 5
84 11 3 3 3
85 4 4 4 3
82 37 4 4 4
85 16 3 3 4
89 24 3 3 5
98 5 3 3 4
91 37 4 4 5
92 45 4 4 3
87 7 4 4 5
98 41 4 4 3
85 41 4 4 4
87 33 4 4 3
96 11 3 3 5
95 30 4 4 4
88 11 4 4 5
87 49 4 4 5
81 8 4 4 3
95 42 4 4 4
87 7 3 3 5
83 49 3 3 4
88 27 3 3 4
88 38 4 4 5
99 45 4 4 3
87 13 4 4 3
96 21 3 3 4
94 39 3 3 5
99 24 4 4 5
96 15 3 3 4
84 39 3 3 5
81 31 3 3 5
84 8 3 3 3
88 29 4 4 3
83 21 4 4 5
89 40 3 3 3
99 18 3 3 5
80 43 4 4 3
90 10 4 4 5
87 14 3 3 4
85 48 3 3 3
97 28 3 3 4
89 17 3 3 5
91 34 4 4 5
86 16 3 3 5
94 49 4 4 3
98 16 4 4 3
97 47 3 3 3
89 3 4 4 5
98 6 3 3 3
89 2 3 3 3
81 18 3 3 3
84 20 4 4 5
98 14 4 4 3
92 46 3 3 4
99 7 4 4 4
97 35 4 4 5
99 39 4 4 4
97 43 4 4 4
94 29 3 3 3
84 35 4 4 4
96 31 4 4 5
94 35 3 3 3
89 4 4 4 4
95 36 4 4 4
95 31 3 3 4
99 13 4 4 5
87 39 4 4 5
85 34 4 4 5
96 41 4 4 4
86 46 4 4 5
96 43 4 4 3
82 1 3 3 3
97 31 3 3 3
80 4 4 4 3
85 44 4 4 3
92 37 3 3 5
97 8 4 4 4
92 27 3 3 4
94 14 3 3 4
80 8 3 3 3
97 16 3 3 4
92 48 4 4 3
90 29 4 4 3
88 24 3 3 4
83 11 3 3 5
81 0 3 3 4
92 32 4 4 4
93 7 4 4 4
88 19 4 4 5
82 42 3 3 4
98 44 3 3 4
85 40 4 4 3
85 2 3 3 4
86 25 4 4 3
93 48 4 4 3
80 28 4 4 4
91 38 3 3 4
96 47 3 3 4
93 15 4 4 4
96 6 4 4 5
93 11 4 4 3
92 23 4 4 5
95 18 4 4 4
98 2 3 3 3
86 20 4 4 5
93 45 4 4 4
88 17 4 4 4
95 19 3 3 4
99 32 3 3 5
89 26 3 3 4
93 15 4 4 3
90 40 4 4 3
99 9 4 4 4
86 33 4 4 3
90 45 3 3 4
97 16 4 4 4
98 42 3 3 4
89 33 4 4 3
95 28 3 3 3
95 9 4 4 5
94 2 3 3 3
90 7 3 3 3
86 39 3 3 4
95 13 4 4 4
97 47 4 4 3
95 16 4 4 4
88 40 3 3 4
85 6 3 3 5
81 16 3 3 5
86 37 4 4 4
94 35 4 4 5
92 3 4 4 5
81 49 4 4 4
88 20 3 3 3
86 28 3 3 3
94 18 4 4 4
99 36 4 4 3
84 14 3 3 4
99 12 4 4 5
89 28 3 3 4
89 38 3 3 5
90 42 3 3 3
83 4 3 3 3
92 41 4 4 5
91 0 4 4 5
88 12 4 4 3
82 36 4 4 3
82 44 4 4 4
90 40 4 4 4
81 30 3 3 5
96 5 3 3 5
86 0 3 3 4
88 2 4 4 3
97 26 4 4 4
92 0 3 3 5
97 22 3 3 5
87 10 3 3 3
98 48 4 4 4
97 3 3 3 5
84 39 3 3 4
84 37 3 3 5
96 12 3 3 4
83 48 3 3 5
80 24 3 3 3
83 32 3 3 5
95 34 4 4 3
98 15 3 3 5
94 31 4 4 4
91 9 4 4 5
99 47 4 4 4
85 37 3 3 3
87 30 3 3 4
84 47 3 3 4
86 11 4 4 4
84 36 3 3 4
90 42 4 4 4
82 44 4 4 4
96 34 4 4 5
98 1 3 3 4
83 49 4 4 4
94 41 4 4 5
80 29 3 3 5
92 26 4 4 5
81 33 3 3 5
97 29 3 3 5
96 0 4 4 3
84 49 4 4 5
87 18 4 4 5
82 43 3 3 3
97 8 4 4 4
86 47 3 3 4
89 22 4 4 5
85 24 4 4 3
97 3 4 4 3
85 41 4 4 3
98 23 4 4 3
80 0 4 4 5
82 19 4 4 5
95 45 3 3 5
84 7 4 4 4
81 45 4 4 5
90 11 3 3 5
91 47 3 3 4
91 6 3 3 3
88 25 3 3 4
98 11 3 3 5
91 48 3 3 5
87 2 3 3 4
97 1 3 3 4
90 13 3 3 3
99 48 4 4 4
96 34 4 4 5
82 1 4 4 4
88 35 3 3 5
91 16 4 4 4
97 17 3 3 4
83 29 4 4 3
86 9 3 3 3
91 43 4 4 3
82 19 3 3 4
88 25 4 4 5
99 47 4 4 4
83 25 4 4 4
92 42 4 4 4
87 21 4 4 4
97 18 4 4 3
91 0 4 4 5
91 31 3 3 3
95 14 3 3 5
80 4 3 3 3
99 29 4 4 4
88 1 3 3 3
92 2 4 4 5
93 47 3 3 5
95 23 3 3 4
99 0 4 4 4
81 40 4 4 3
94 18 3 3 5
85 46 4 4 5
89 0 3 3 3
86 10 4 4 3
91 36 3 3 5
82 5 3 3 5
87 18 4 4 3
93 10 4 4 4
85 40 4 4 5
98 34 3 3 4
82 39 4 4 3
94 9 3 3 4
87 26 3 3 3
85 15 3 3 4
92 16 3 3 5
87 4 3 3 5
93 41 4 4 4
96 47 4 4 4
91 22 4 4 3
93 40 4 4 3
80 41 4 4 4
92 33 3 3 4
98 3 4 4 3
91 11 3 3 3
82 40 4 4 5
84 8 4 4 5
88 20 4 4 4
80 6 4 4 5
99 47 4 4 3
90 4 3 3 4
81 25 4 4 4
91 44 4 4 4
97 16 4 4 5
92 47 4 4 5
87 13 3 3 4
80 48 4 4 3
85 48 4 4 3
84 1 4 4 5
94 39 3 3 5
92 45 4 4 3
92 40 3 3 3
90 17 4 4 4
86 8 4 4 4
98 47 4 4 4
95 9 3 3 4
81 10 3 3 5
94 21 4 4 4
92 18 3 3 4
91 16 3 3 5
83 4 4 4 4
88 28 4 4 5
92 6 3 3 5
86 42 3 3 3
83 20 3 3 3
89 30 4 4 3
94 34 3 3 4
92 10 3 3 3
85 49 4 4 4
93 2 3 3 5
84 18 4 4 3
80 8 3 3 3
95 46 3 3 5
95 24 3 3 4
97 6 3 3 3
95 22 3 3 3
96 42 4 4 4
86 13 4 4 5
86 16 4 4 5
98 42 3 3 5
97 37 4 4 5
80 0 3 3 3
80 28 4 4 3
81 48 3 3 3
87 26 3 3 5
88 23 4 4 4
86 25 4 4 5
95 41 3 3 3
98 25 3 3 4
92 14 3 3 5
83 18 4 4 5
88 30 4 4 3
80 10 3 3 3
86 28 3 3 5
90 8 3 3 4
86 17 3 3 5
80 45 3 3 4
80 44 4 4 3
87 18 4 4 3
94 16 3 3 5
97 46 3 3 5
84 35 4 4 3
81 20 4 4 3
80 35 4 4 5
86 2 4 4 3
95 21 3 3 3
86 1 3 3 5
86 25 4 4 4
85 25 4 4 5
95 35 4 4 4
89 30 4 4 4
82 25 4 4 4
81 17 3 3 5
88 43 4 4 3
86 2 4 4 3
93 0 3 3 5
90 11 4 4 5
93 9 4 4 4
92 15 3 3 3
90 40 3 3 4
82 25 4 4 4
94 41 4 4 3
88 49 4 4 3
90 7 4 4 4
89 33 3 3 4
93 1 3 3 3
83 3 3 3 3
92 33 4 4 3
91 48 3 3 4
91 5 4 4 5
98 34 4 4 3
80 23 3 3 5
97 48 4 4 4
99 40 3 3 5
98 26 3 3 3
87 31 4 4 4
80 33 3 3 3
95 32 3 3 4
87 49 4 4 5
97 25 3 3 4
90 2 3 3 3
93 15 3 3 5
86 8 4 4 4
82 5 4 4 3
85 29 4 4 4
98 29 3 3 5
96 28 4 4 5
82 8 3 3 5
98 41 3 3 4
93 7 3 3 4
86 19 3 3 5
82 38 4 4 3
81 47 4 4 4
94 35 3 3 4
95 38 4 4 4
93 7 4 4 5
99 39 4 4 4
91 5 3 3 5
92 38 4 4 3
83 20 3 3 4
80 31 3 3 3
86 14 4 4 3
84 6 4 4 4
86 20 4 4 5
96 48 4 4 4
91 36 4 4 5
94 9 3 3 4
99 49 4 4 5
81 34 3 3 3
91 8 3 3 5
95 41 3 3 3
81 38 3 3 4
83 9 4 4 4
94 12 4 4 4
86 34 4 4 3
99 5 4 4 5
94 27 3 3 4
95 0 3 3 3
97 44 3 3 3
99 5 3 3 5
81 19 3 3 5
96 19 4 4 4
81 22 3 3 5
90 35 4 4 3
88 31 4 4 3
84 25 4 4 4
99 17 3 3 5
95 0 3 3 5
91 15 4 4 4
97 30 4 4 4
96 10 3 3 4
99 46 3 3 4
98 33 3 3 3
89 41 3 3 4
80 25 3 3 4
93 16 4 4 4
96 11 4 4 5
96 35 4 4 5
80 29 3 3 4
91 42 3 3 5
84 43 4 4 3
88 33 3 3 5
97 16 3 3 4
82 37 3 3 5
93 4 4 4 3
94 39 3 3 5
90 29 3 3 4
96 31 4 4 4
89 22 3 3 3
91 49 3 3 5
96 6 3 3 3
90 41 3 3 5
98 30 3 3 4
96 40 3 3 5
92 7 4 4 4
97 11 4 4 4
95 3 4 4 5
89 30 3 3 3
81 33 3 3 4
89 40 4 4 4
81 21 3 3 5
85 29 3 3 3
87 7 3 3 4
95 22 3 3 4
82 0 4 4 3
91 22 3 3 4
87 24 4 4 5
99 17 4 4 4
90 15 4 4 4
85 14 4 4 4
83 8 3 3 4
98 19 3 3 4
93 23 3 3 5
86 36 3 3 5
86 13 3 3 3
81 46 3 3 4
97 42 3 3 3
91 18 3 3 5
83 17 3 3 5
99 8 4 4 4
94 18 4 4 3
88 46 4 4 3
94 8 4 4 3
83 11 3 3 4
86 40 4 4 3
85 39 4 4 4
95 9 3 3 4
94 6 3 3 4
99 9 4 4 5
98 18 4 4 3
88 43 4 4 4
92 44 3 3 4
82 35 4 4 5
80 18 4 4 3
91 7 3 3 3
99 19 4 4 4
87 32 4 4 5
99 19 3 3 5
96 10 3 3 5
86 45 3 3 5
97 30 4 4 4
95 12 3 3 4
87 16 3 3 3
96 28 4 4 3
86 38 4 4 4
91 16 3 3 3
89 7 4 4 5
81 32 4 4 5
98 28 3 3 5
98 34 4 4 3
85 33 3 3 4
84 9 4 4 5
87 27 3 3 3
82 20 4 4 5
99 43 3 3 4
86 5 3 3 5
83 42 3 3 3
80 22 3 3 5
87 49 4 4 5
93 14 4 4 4
83 9 3 3 4
96 21 3 3 3
96 23 4 4 4
84 14 4 4 4
83 47 3 3 3
83 15 3 3 4
88 34 4 4 5
89 19 4 4 4
80 17 4 4 5
83 0 3 3 5
85 18 3 3 4
92 5 3 3 4
90 18 3 3 4
97 28 3 3 3
93 12 3 3 5
89 11 4 4 3
88 6 4 4 5
91 48 3 3 4
85 6 4 4 5
95 25 3 3 3
81 22 4 4 3
80 48 3 3 3
97 38 3 3 5
83 9 3 3 4
88 10 3 3 4
81 26 3 3 5
87 16 4 4 5
98 44 3 3 4
89 30 4 4 4
88 10 4 4 3
86 21 3 3 5
84 41 3 3 5
94 45 4 4 5
98 6 4 4 5
87 10 3 3 5
83 27 4 4 5
94 44 4 4 5
96 16 3 3 4
85 25 3 3 4
88 40 4 4 4
89 4 4 4 3
83 28 3 3 3
81 7 3 3 5
90 21 4 4 3
84 9 4 4 5
84 27 3 3 5
91 48 3 3 3
82 14 4 4 3
99 20 4 4 4
94 18 4 4 5
87 42 4 4 3
97 1 4 4 3
89 20 4 4 4
98 0 4 4 5
85 27 4 4 3
90 12 3 3 5
90 49 4 4 3
82 24 3 3 3
94 17 3 3 5
91 46 3 3 4
88 17 3 3 4
97 40 4 4 3
95 26 3 3 3
99 35 4 4 5
99 10 4 4 4
93 10 3 3 4
85 24 3 3 4
81 10 3 3 5
95 9 3 3 3
88 39 3 3 5
86 10 3 3 3
89 26 3 3 5
94 12 4 4 5
98 43 3 3 5
92 24 4 4 4
95 27 3 3 5
94 21 4 4 3
84 21 3 3 4
97 3 3 3 3
88 10 4 4 5
96 30 3 3 3
83 19 3 3 5
97 3 3 3 3
84 1 4 4 4
85 41 3 3 4
92 26 4 4 5
94 39 3 3 4
96 26 3 3 3
91 24 4 4 5
96 35 4 4 4
88 35 4 4 3
89 36 4 4 4
85 9 4 4 4
99 27 3 3 3
80 27 3 3 4
88 27 4 4 4
88 26 3 3 3
87 2 3 3 3
88 26 4 4 5
90 35 3 3 4
81 32 3 3 4
86 45 3 3 5
91 38 4 4 3
90 42 3 3 4
92 3 3 3 4
83 9 3 3 4
91 20 4 4 5
80 44 4 4 5
86 27 4 4 5
87 40 4 4 5
87 44 3 3 4
91 14 3 3 3
93 36 3 3 5
96 42 3 3 5
94 31 4 4 5
82 3 3 3 5
92 14 4 4 3
97 35 4 4 4
97 31 3 3 4
88 16 4 4 3
96 4 3 3 3
97 41 4 4 4
94 46 4 4 5
95 47 4 4 4
84 36 3 3 5
99 3 3 3 3
91 1 4 4 5
95 40 4 4 5
99 8 4 4 5
98 0 3 3 3
90 2 4 4 5
86 32 4 4 5
89 12 3 3 4
82 4 3 3 5
81 8 4 4 5
91 15 3 3 3
90 20 3 3 4
84 17 3 3 4
83 24 4 4 4
82 7 4 4 5
84 34 4 4 3
97 43 4 4 4
95 9 3 3 5
93 26 4 4 3
93 49 3 3 3
83 17 4 4 5
84 2 4 4 5
94 26 3 3 5
82 32 4 4 5
87 4 3 3 3
99 5 4 4 3
96 32 4 4 3
83 22 4 4 4
95 38 3 3 4
95 35 3 3 4
86 19 3 3 3
81 13 4 4 4
92 40 3 3 3
94 13 3 3 5
93 48 3 3 5
88 49 3 3 4
95 37 3 3 4
85 48 4 4 3
94 9 4 4 5
96 31 4 4 4
96 26 4 4 3
94 46 4 4 4
96 48 3 3 5
94 33 4 4 5
92 46 4 4 4
82 11 4 4 3
99 10 3 3 3
96 49 3 3 3
82 18 3 3 5
80 44 3 3 3
93 27 4 4 5
96 15 4 4 3
84 47 4 4 3
85 34 4 4 3
88 32 3 3 3
93 29 4 4 3
81 13 3 3 5
97 27 3 3 4
95 32 3 3 3
94 39 4 4 4
85 20 3 3 5
97 3 3 3 3
95 8 4 4 4
89 22 3 3 4
93 14 3 3 4
83 33 4 4 3
89 23 4 4 4
88 16 3 3 5
91 14 3 3 5
93 36 4 4 3
91 21 4 4 3
83 30 4 4 3
90 4 3 3 3
98 41 4 4 5
99 29 3 3 4
81 8 3 3 4
98 29 4 4 5
92 47 3 3 3
86 36 3 3 5
95 34 4 4 4
98 4 3 3 4
90 46 4 4 4
89 20 4 4 4
97 49 4 4 5
89 41 4 4 5
90 24 3 3 4
93 32 4 4 3
80 27 4 4 3
94 12 4 4 3
95 15 4 4 4
99 17 3 3 5
80 0 3 3 5
90 1 4 4 4
91 45 4 4 4
93 14 4 4 5
94 40 4 4 3
99 6 3 3 3
82 0 4 4 5
93 29 3 3 3
82 5 3 3 4
82 40 3 3 4
99 17 4 4 3
93 18 3 3 3
91 44 3 3 3
90 21 4 4 5
82 38 3 3 4
91 40 4 4 5
99 48 3 3 5
97 28 3 3 4
91 44 3 3 3
93 48 3 3 5
80 13 3 3 3
84 17 3 3 3
83 1 4 4 3
83 41 3 3 3
89 33 4 4 5
94 4 3 3 4
86 8 4 4 5
85 44 3 3 4
88 45 3 3 3
94 13 3 3 5
96 27 3 3 5
93 8 4 4 5
85 46 3 3 5
91 37 4 4 5
83 38 3 3 4
86 35 4 4 3
83 6 4 4 3
85 26 4 4 5
89 44 3 3 4
97 38 3 3 4
80 13 4 4 4
99 49 3 3 3
86 47 3 3 5
92 2 4 4 4
90 36 3 3 5
83 21 4 4 3
96 49 4 4 5
98 41 3 3 4
98 5 3 3 3
80 29 4 4 3
95 28 3 3 5
81 2 3 3 4
99 31 3 3 4
81 36 4 4 5
93 33 4 4 3
95 9 4 4 4
98 42 3 3 5
97 8 3 3 3
90 48 3 3 4
96 23 4 4 5
96 2 4 4 4
98 22 4 4 4
92 32 3 3 3
89 25 4 4 4
93 26 4 4 3
84 34 4 4 4
92 0 3 3 5
82 26 4 4 4
92 3 3 3 3
83 40 3 3 4
83 13 4 4 4
95 44 4 4 3
92 18 4 4 3
90 13 3 3 5
86 0 3 3 4
89 10 3 3 5
87 47 3 3 4
89 44 4 4 3
89 33 4 4 4
97 39 4 4 5
83 4 3 3 3
87 4 3 3 3
90 44 3 3 5
86 41 3 3 3
81 6 4 4 5
95 24 3 3 3
86 6 4 4 5
94 34 3 3 5
91 0 3 3 5
85 48 3 3 3
85 28 4 4 4
80 19 4 4 3
80 8 4 4 5
88 20 4 4 3
87 0 4 4 5
97 34 3 3 4
85 32 4 4 4
86 5 4 4 4
86 4 3 3 5
96 47 4 4 4
89 9 3 3 4
98 42 3 3 3
95 40 3 3 3
84 22 3 3 4
87 16 3 3 4
88 38 4 4 5
80 22 3 3 5
83 21 4 4 3
89 14 4 4 5
96 48 3 3 5
91 44 3 3 3
82 46 3 3 5
83 31 3 3 3
95 31 3 3 4
90 28 3 3 4
86 0 3 3 4
80 17 4 4 5
95 45 4 4 3
98 38 3 3 5
89 11 3 3 3
89 12 4 4 4
97 43 4 4 5
80 1 4 4 4
83 41 4 4 4
90 2 3 3 5
87 17 4 4 5
98 31 3 3 5
90 45 3 3 4
98 49 4 4 3
99 31 4 4 4
94 25 4 4 3
93 35 3 3 4
82 14 3 3 4
85 27 3 3 5
83 29 4 4 5
89 42 3 3 3
88 1 4 4 4
86 1 4 4 4
80 34 3 3 4
87 48 4 4 4
84 28 4 4 3
95 43 3 3 3
80 35 4 4 5
99 6 3 3 4
95 48 4 4 5
87 43 3 3 3
80 20 3 3 5
94 9 3 3 5
90 28 4 4 4
98 28 4 4 4
99 34 3 3 5
81 1 3 3 3
84 48 3 3 3
96 8 4 4 3
86 2 4 4 5
93 46 3 3 4
96 15 4 4 3
96 15 4 4 4
99 19 4 4 3
93 26 4 4 3
89 4 3 3 3
99 37 3 3 4
98 19 4 4 3
97 0 4 4 4
85 47 4 4 5
96 14 3 3 5
98 36 3 3 3
93 47 4 4 5
96 20 3 3 5
88 35 4 4 4
86 23 4 4 4
97 13 3 3 3
83 45 3 3 4
92 22 3 3 4
99 28 4 4 3
88 23 4 4 4
92 8 3 3 4
87 8 4 4 5
94 24 3 3 5
92 49 3 3 4
85 18 3 3 5
95 29 4 4 3
92 34 4 4 4
90 4 3 3 3
99 19 3 3 3
80 11 4 4 5
93 30 4 4 3
87 43 4 4 3
97 49 4 4 3
88 49 3 3 3
98 29 4 4 3
83 42 3 3 5
96 29 4 4 5
97 21 3 3 4
84 40 4 4 3
93 14 4 4 5
98 20 3 3 3
90 23 3 3 4
93 38 4 4 4
81 1 3 3 5
93 3 3 3 5
80 21 3 3 5
84 32 3 3 3
83 27 3 3 5
92 2 4 4 3
85 42 3 3 3
93 21 3 3 4
98 4 4 4 4
89 13 3 3 5
85 34 4 4 4
83 13 4 4 5
84 31 3 3 5
89 21 4 4 3
94 49 3 3 5
92 32 3 3 3
98 46 4 4 4
83 48 3 3 4
93 46 3 3 5
91 12 4 4 3
85 7 4 4 3
82 38 3 3 5
81 26 4 4 3
81 21 3 3 3
85 0 4 4 5
