66 20 5 5 6
55 24 5 5 6
65 34 6 6 6
65 59 6 6 7
54 51 6 6 5
92 33 6 6 6
65 45 6 6 4
60 19 5 5 6
89 5 6 6 6
61 5 4 4 5
70 43 6 6 6
57 3 4 4 7
58 30 4 4 7
81 22 6 6 7
86 49 4 4 7
88 53 6 6 7
80 42 4 4 5
77 47 4 4 5
97 44 5 5 6
94 12 6 6 6
81 9 4 4 4
92 53 6 6 7
65 45 4 4 5
79 12 6 6 6
51 17 6 6 6
73 19 4 4 5
76 49 5 5 4
97 50 4 4 5
86 29 5 5 7
50 32 5 5 6
89 31 6 6 5
76 47 6 6 7
62 54 6 6 7
62 34 5 5 7
70 40 6 6 6
96 28 6 6 4
69 53 6 6 5
57 16 5 5 6
84 0 4 4 5
93 0 6 6 7
96 6 4 4 5
75 44 4 4 4
89 44 6 6 7
79 53 5 5 5
63 7 4 4 4
64 38 6 6 4
75 55 6 6 4
56 10 6 6 6
77 46 6 6 4
97 14 5 5 5
95 15 5 5 5
62 27 4 4 7
64 31 6 6 5
87 10 4 4 5
60 35 6 6 6
69 44 6 6 4
55 30 5 5 5
91 3 4 4 4
82 33 5 5 5
79 28 6 6 4
98 53 5 5 5
64 46 5 5 6
82 39 6 6 6
52 9 6 6 7
56 29 5 5 7
54 30 6 6 5
59 33 5 5 6
59 29 5 5 7
58 43 4 4 6
77 23 6 6 5
92 2 6 6 5
55 1 6 6 7
66 44 4 4 5
78 35 6 6 7
72 50 6 6 6
80 34 5 5 4
93 27 5 5 7
54 10 4 4 6
50 48 5 5 5
86 56 6 6 5
85 10 6 6 4
70 44 4 4 4
56 50 6 6 6
79 26 4 4 6
74 6 6 6 5
81 55 4 4 5
70 6 4 4 6
77 21 5 5 6
52 2 6 6 5
90 2 4 4 5
51 57 6 6 6
61 29 6 6 5
86 10 6 6 7
65 10 5 5 7
82 28 6 6 4
61 12 6 6 5
69 59 4 4 6
74 20 5 5 4
54 48 4 4 6
83 47 6 6 7
59 59 5 5 6
93 51 5 5 7
84 37 4 4 6
55 30 6 6 5
60 38 5 5 4
60 25 5 5 5
98 23 6 6 4
63 25 5 5 6
65 18 6 6 4
86 6 6 6 6
78 31 6 6 6
89 42 4 4 6
91 35 4 4 5
65 2 6 6 6
64 10 5 5 4
62 47 4 4 7
94 53 6 6 7
97 36 4 4 4
88 9 6 6 5
80 3 4 4 5
92 50 4 4 7
79 30 4 4 7
91 42 5 5 5
86 5 5 5 6
72 21 5 5 4
55 17 6 6 5
55 29 4 4 4
72 3 5 5 4
99 20 4 4 6
69 40 5 5 4
97 13 5 5 4
67 50 6 6 6
53 55 4 4 6
72 59 5 5 4
88 29 6 6 7
58 22 5 5 4
92 57 6 6 7
66 5 5 5 4
63 14 5 5 4
93 1 5 5 7
57 57 5 5 6
69 26 5 5 5
64 23 4 4 5
90 27 4 4 4
64 10 5 5 6
98 0 5 5 5
70 54 4 4 4
51 26 5 5 6
57 45 5 5 5
61 19 6 6 5
87 0 4 4 5
62 19 5 5 6
84 20 5 5 5
55 52 5 5 5
77 47 4 4 7
57 0 4 4 5
69 27 4 4 7
58 28 5 5 4
88 4 5 5 4
73 38 6 6 4
86 38 6 6 6
97 20 6 6 7
92 51 4 4 6
99 16 4 4 5
73 0 4 4 5
82 24 5 5 7
91 49 5 5 6
79 2 4 4 6
86 28 4 4 4
62 9 5 5 4
74 45 4 4 5
52 48 5 5 7
90 25 5 5 5
82 4 5 5 4
65 43 5 5 7
87 23 4 4 5
82 23 5 5 4
89 27 4 4 4
78 4 5 5 4
75 58 4 4 7
75 10 6 6 6
80 24 4 4 4
84 58 6 6 6
83 43 5 5 5
62 4 5 5 4
94 55 4 4 6
81 50 6 6 5
73 44 5 5 6
83 34 4 4 7
92 13 4 4 6
74 42 4 4 5
69 37 6 6 6
87 29 4 4 7
90 55 5 5 6
59 38 6 6 7
61 1 5 5 7
86 35 6 6 5
84 7 5 5 4
66 31 6 6 6
72 8 6 6 5
66 8 5 5 7
92 29 5 5 6
53 41 4 4 5
71 31 6 6 6
51 58 5 5 5
83 53 4 4 4
93 1 4 4 4
95 46 4 4 4
88 1 5 5 6
90 25 5 5 5
85 48 5 5 5
51 5 4 4 7
71 40 6 6 5
79 32 4 4 5
85 20 5 5 4
76 55 6 6 4
97 38 5 5 5
62 22 4 4 6
57 33 6 6 5
56 19 4 4 4
93 49 5 5 5
73 52 6 6 6
64 3 4 4 5
63 18 4 4 6
59 21 6 6 7
93 24 4 4 7
68 36 6 6 5
98 20 4 4 4
88 30 4 4 4
75 3 6 6 5
84 55 5 5 6
54 16 6 6 4
74 23 5 5 5
64 31 5 5 5
63 0 4 4 5
87 16 5 5 5
62 12 6 6 7
60 26 6 6 6
76 40 5 5 5
63 58 4 4 7
86 43 6 6 6
89 13 4 4 6
60 55 4 4 6
88 39 5 5 6
77 43 5 5 5
91 3 5 5 7
75 51 4 4 4
93 23 6 6 7
50 58 5 5 4
74 19 5 5 4
54 58 6 6 7
99 18 5 5 5
92 59 4 4 5
64 25 4 4 5
91 35 6 6 5
62 22 5 5 6
51 49 5 5 5
52 4 5 5 6
70 2 6 6 4
77 6 4 4 5
82 42 5 5 6
81 46 6 6 7
95 5 4 4 6
77 30 5 5 7
87 46 4 4 5
59 37 6 6 7
64 51 5 5 7
98 58 4 4 6
83 21 6 6 4
78 41 5 5 5
83 52 6 6 4
91 1 4 4 5
52 54 6 6 4
68 9 6 6 4
90 19 6 6 7
52 28 6 6 4
97 47 6 6 5
87 55 4 4 7
93 21 6 6 6
71 13 5 5 4
81 54 4 4 5
70 35 6 6 7
84 2 6 6 6
81 56 5 5 4
75 26 6 6 6
85 24 6 6 6
59 34 4 4 6
59 45 4 4 7
61 34 6 6 4
92 28 5 5 4
53 6 6 6 6
77 32 6 6 6
96 24 4 4 5
52 17 6 6 7
62 54 6 6 4
93 33 5 5 6
62 45 6 6 5
66 27 4 4 6
99 12 5 5 5
65 29 5 5 6
82 58 4 4 7
64 5 6 6 7
55 41 5 5 4
59 6 6 6 5
94 15 4 4 4
81 55 4 4 4
78 34 4 4 5
79 24 4 4 5
88 3 6 6 5
92 12 5 5 4
54 59 5 5 6
64 14 4 4 7
98 3 4 4 5
51 43 4 4 4
90 33 4 4 4
76 38 5 5 6
73 37 5 5 5
66 6 5 5 4
82 57 5 5 4
91 2 6 6 7
55 15 5 5 4
81 30 6 6 5
60 43 6 6 5
71 23 4 4 5
97 24 6 6 4
99 25 4 4 4
60 9 4 4 6
76 9 6 6 4
89 37 4 4 6
58 8 5 5 4
68 30 4 4 5
66 26 4 4 5
84 37 4 4 7
99 23 5 5 7
78 43 4 4 7
67 58 6 6 7
92 3 5 5 5
86 24 4 4 7
84 22 5 5 6
93 2 6 6 6
69 35 6 6 5
83 20 6 6 7
71 22 5 5 5
90 54 6 6 6
78 4 5 5 5
51 50 4 4 6
81 26 6 6 6
61 25 6 6 5
73 4 6 6 5
99 8 4 4 5
70 11 5 5 4
67 57 4 4 5
99 43 6 6 6
58 42 5 5 6
84 18 6 6 5
76 53 6 6 5
82 34 6 6 6
71 13 6 6 5
70 52 6 6 5
71 36 4 4 6
52 42 4 4 6
99 35 5 5 6
68 55 4 4 7
74 16 5 5 5
89 46 4 4 7
88 22 4 4 4
54 43 5 5 4
69 39 4 4 6
68 51 6 6 7
64 18 5 5 5
81 18 5 5 6
81 8 6 6 5
63 17 5 5 5
78 13 4 4 6
78 2 5 5 4
69 55 4 4 5
51 41 4 4 6
67 31 6 6 7
95 16 5 5 7
87 41 4 4 4
65 41 6 6 5
91 58 4 4 5
87 10 5 5 6
94 34 4 4 6
60 31 6 6 5
65 43 4 4 5
99 40 6 6 5
85 9 5 5 5
55 39 6 6 4
51 10 5 5 4
71 55 5 5 4
55 29 4 4 7
95 46 4 4 5
72 53 4 4 7
91 46 5 5 6
62 41 6 6 6
51 4 6 6 5
85 44 4 4 7
89 53 6 6 4
90 43 5 5 6
85 6 4 4 4
95 49 6 6 5
82 58 6 6 7
64 27 5 5 6
89 27 4 4 6
70 16 6 6 5
50 1 6 6 7
59 21 4 4 7
70 57 5 5 4
75 2 4 4 6
50 42 5 5 4
97 37 4 4 7
90 23 5 5 4
62 14 6 6 7
99 11 6 6 5
76 6 6 6 7
69 45 5 5 6
76 59 5 5 4
86 57 4 4 6
90 52 5 5 7
56 9 5 5 7
54 17 5 5 5
94 10 5 5 5
53 47 4 4 6
71 57 5 5 4
85 3 5 5 7
74 8 4 4 6
50 59 5 5 6
73 23 6 6 6
59 4 6 6 5
87 25 4 4 5
62 57 6 6 6
60 9 4 4 4
83 23 4 4 6
68 41 5 5 4
51 12 4 4 5
56 59 6 6 5
53 8 6 6 7
60 48 4 4 6
92 53 6 6 4
58 3 4 4 5
66 19 6 6 5
65 42 5 5 7
72 18 6 6 5
51 23 6 6 7
92 20 6 6 6
64 54 4 4 7
81 19 6 6 6
52 32 5 5 7
71 28 4 4 5
50 43 5 5 5
75 39 5 5 6
65 45 5 5 6
74 30 4 4 5
73 29 4 4 6
92 54 6 6 4
70 52 6 6 7
82 15 4 4 5
54 24 5 5 7
52 49 5 5 6
52 35 5 5 5
56 43 6 6 4
82 24 4 4 5
83 32 6 6 5
65 2 6 6 4
90 8 4 4 4
95 39 6 6 7
94 12 4 4 5
57 59 5 5 5
59 18 5 5 7
71 21 5 5 7
56 54 5 5 4
86 5 4 4 7
92 19 4 4 7
50 46 6 6 6
82 54 6 6 6
90 25 4 4 7
61 36 5 5 7
70 59 6 6 4
60 12 5 5 5
65 7 4 4 4
94 20 4 4 7
85 13 5 5 7
92 42 6 6 4
75 5 4 4 6
98 5 6 6 7
54 35 4 4 4
65 37 6 6 4
56 3 6 6 4
51 24 5 5 4
66 51 4 4 4
98 44 4 4 4
91 20 6 6 5
63 46 5 5 7
97 13 6 6 7
77 49 6 6 7
71 50 6 6 5
59 5 6 6 6
50 16 4 4 6
85 8 6 6 7
73 53 6 6 6
70 25 6 6 4
69 48 5 5 4
94 35 6 6 5
56 57 6 6 7
95 3 4 4 4
63 17 5 5 5
75 31 5 5 6
66 18 5 5 5
60 47 5 5 4
82 25 4 4 7
66 7 4 4 7
93 43 6 6 7
70 4 5 5 4
62 47 5 5 5
86 2 4 4 6
50 31 4 4 7
72 17 5 5 7
83 48 6 6 4
69 5 6 6 5
94 59 5 5 5
70 1 5 5 4
96 5 6 6 6
79 26 5 5 6
78 15 5 5 4
82 31 6 6 4
96 27 5 5 7
98 40 4 4 6
87 18 4 4 6
84 46 6 6 4
51 2 6 6 6
92 36 6 6 6
51 24 5 5 6
84 40 6 6 7
93 19 4 4 7
88 47 4 4 4
95 21 4 4 6
74 19 6 6 4
95 33 6 6 5
72 5 6 6 4
52 43 6 6 6
72 12 4 4 4
80 20 5 5 7
78 54 5 5 4
83 2 4 4 5
68 29 5 5 5
82 5 5 5 7
57 22 4 4 4
63 47 4 4 7
72 11 6 6 5
82 43 5 5 6
99 51 4 4 7
64 36 5 5 4
96 55 6 6 5
73 41 6 6 7
93 42 6 6 6
81 26 6 6 5
72 57 4 4 4
63 47 6 6 7
55 40 5 5 4
86 14 5 5 6
92 35 4 4 4
82 41 4 4 7
61 36 5 5 7
88 59 4 4 7
52 52 5 5 4
93 55 6 6 4
50 26 4 4 6
56 49 4 4 6
79 23 5 5 6
70 6 4 4 4
60 41 4 4 5
66 43 5 5 7
53 10 6 6 4
74 20 5 5 4
68 58 5 5 5
91 38 5 5 6
94 14 4 4 7
58 59 4 4 7
97 48 6 6 6
68 45 6 6 6
92 5 4 4 6
69 19 4 4 7
51 31 4 4 7
84 27 5 5 5
72 23 5 5 6
92 52 5 5 5
68 51 4 4 7
75 38 4 4 4
52 50 4 4 5
73 15 5 5 4
78 57 6 6 5
59 32 6 6 5
78 10 5 5 5
77 13 5 5 7
92 5 4 4 6
62 20 4 4 7
59 38 5 5 7
91 41 4 4 7
82 13 6 6 7
57 56 5 5 6
98 16 5 5 6
96 7 6 6 6
60 4 6 6 6
97 6 6 6 4
88 16 6 6 7
71 35 4 4 6
88 23 5 5 4
50 14 6 6 6
73 34 6 6 6
61 49 4 4 7
90 25 4 4 5
60 13 6 6 4
97 23 5 5 6
63 47 4 4 5
55 36 4 4 6
71 54 6 6 6
60 26 4 4 5
97 40 4 4 4
99 29 5 5 7
69 14 4 4 5
61 37 6 6 4
56 48 4 4 7
59 21 5 5 7
51 40 5 5 4
92 4 5 5 5
99 59 5 5 7
59 28 6 6 5
69 25 4 4 6
80 58 6 6 7
86 37 4 4 5
56 18 5 5 6
57 50 4 4 6
64 11 5 5 4
93 10 4 4 7
54 39 5 5 4
87 24 6 6 7
79 19 5 5 4
59 58 4 4 6
78 32 4 4 6
77 20 4 4 5
66 59 5 5 4
95 51 5 5 6
76 12 5 5 6
62 28 6 6 7
62 42 6 6 6
75 15 5 5 6
65 58 5 5 7
64 2 5 5 7
91 21 5 5 7
75 9 6 6 7
91 38 4 4 4
89 47 4 4 6
83 39 4 4 7
86 11 5 5 7
99 45 4 4 7
93 36 5 5 7
98 8 4 4 6
99 13 6 6 5
60 5 6 6 5
97 10 6 6 5
65 40 6 6 7
59 54 5 5 4
70 5 5 5 6
88 55 6 6 6
54 46 4 4 7
73 48 4 4 5
69 47 6 6 7
60 54 5 5 4
65 26 4 4 4
89 50 5 5 6
97 57 6 6 4
74 5 6 6 5
53 49 5 5 6
95 55 5 5 6
69 2 5 5 6
62 46 5 5 5
66 34 6 6 5
67 59 5 5 4
79 4 4 4 5
68 25 4 4 4
55 16 5 5 4
79 4 5 5 6
70 57 5 5 6
91 13 4 4 7
67 2 5 5 5
57 23 4 4 5
97 51 6 6 7
51 24 6 6 6
77 37 4 4 7
58 34 4 4 7
97 50 4 4 6
53 15 6 6 4
97 45 4 4 5
57 55 5 5 7
55 41 6 6 4
94 11 6 6 4
74 3 4 4 4
79 15 6 6 5
69 15 5 5 5
53 37 5 5 5
80 55 4 4 5
68 9 4 4 4
56 11 6 6 6
85 20 5 5 6
65 42 4 4 5
79 52 4 4 6
71 17 6 6 7
57 4 6 6 5
65 12 5 5 5
90 0 6 6 7
64 40 4 4 5
86 32 5 5 4
68 8 4 4 6
87 9 6 6 7
90 54 5 5 4
75 16 4 4 4
99 33 5 5 7
70 31 6 6 7
72 15 5 5 5
57 20 5 5 4
80 58 6 6 6
96 29 5 5 4
52 30 6 6 7
89 41 5 5 6
71 37 4 4 7
96 0 4 4 6
81 46 6 6 5
68 13 6 6 4
55 8 6 6 5
67 40 6 6 5
52 36 4 4 7
88 9 6 6 5
88 9 4 4 5
69 19 4 4 4
85 15 4 4 4
87 49 5 5 6
96 33 5 5 4
78 14 4 4 4
57 1 4 4 6
66 38 4 4 5
87 43 6 6 6
80 55 4 4 6
78 22 5 5 5
63 10 5 5 7
68 52 5 5 4
65 51 4 4 6
96 15 4 4 4
68 8 5 5 7
93 13 5 5 7
65 46 6 6 7
54 15 6 6 4
52 27 4 4 4
89 48 6 6 5
56 43 5 5 6
54 0 4 4 7
72 47 6 6 4
81 14 4 4 5
88 19 5 5 4
62 22 5 5 7
75 35 4 4 4
97 32 4 4 6
72 49 6 6 7
66 54 5 5 6
96 36 5 5 5
93 35 4 4 6
99 4 5 5 5
75 38 5 5 6
51 52 4 4 6
55 2 6 6 7
61 41 6 6 4
83 41 4 4 5
67 44 5 5 6
59 27 4 4 6
87 52 4 4 6
64 20 4 4 5
78 32 5 5 7
51 17 6 6 5
88 49 4 4 4
95 24 4 4 5
81 43 4 4 4
50 18 6 6 4
96 51 4 4 7
85 10 6 6 7
68 4 5 5 7
72 49 5 5 5
90 32 4 4 7
81 9 6 6 5
92 13 6 6 7
92 51 6 6 7
58 55 4 4 6
56 48 5 5 6
60 12 6 6 6
50 24 5 5 4
50 31 4 4 5
50 59 4 4 7
73 31 6 6 4
80 52 4 4 5
72 20 5 5 5
75 28 5 5 4
52 56 5 5 6
87 50 4 4 5
67 34 5 5 5
60 40 5 5 6
52 15 4 4 5
84 41 4 4 4
77 37 5 5 4
56 37 5 5 7
51 9 5 5 5
74 59 6 6 5
58 14 5 5 5
92 34 4 4 4
98 12 4 4 7
63 18 6 6 6
97 27 6 6 4
69 22 4 4 4
78 58 6 6 6
67 56 4 4 7
71 13 6 6 5
94 16 4 4 7
91 13 6 6 7
51 48 6 6 4
71 41 5 5 6
64 39 6 6 5
84 16 4 4 7
91 34 5 5 5
76 50 4 4 4
93 57 4 4 4
89 14 4 4 6
63 36 4 4 7
77 52 6 6 7
68 15 6 6 6
67 18 6 6 7
81 47 5 5 7
86 4 4 4 4
90 59 4 4 6
83 41 6 6 5
99 55 5 5 5
78 26 4 4 7
52 24 5 5 7
50 7 4 4 7
97 47 6 6 7
57 27 4 4 6
71 22 5 5 4
71 54 6 6 6
62 35 4 4 4
66 30 4 4 5
59 53 6 6 7
59 54 4 4 7
94 35 6 6 4
53 44 6 6 4
77 36 4 4 7
94 51 4 4 6
62 19 4 4 5
67 24 5 5 7
60 57 4 4 5
79 32 5 5 7
56 26 5 5 5
72 35 6 6 6
92 36 4 4 7
72 57 6 6 5
65 49 4 4 4
64 30 5 5 6
62 43 6 6 6
65 40 4 4 7
78 52 6 6 6
71 36 5 5 5
63 5 5 5 7
62 47 4 4 4
91 6 4 4 5
52 51 4 4 7
94 34 5 5 4
89 33 5 5 6
88 43 6 6 5
94 45 6 6 6
56 35 4 4 5
68 29 5 5 7
53 20 4 4 5
54 42 5 5 4
52 45 6 6 5
58 40 6 6 5
56 26 4 4 5
59 21 5 5 7
90 6 6 6 5
64 51 5 5 5
57 20 5 5 6
87 41 6 6 4
72 47 5 5 5
83 1 6 6 7
96 6 5 5 6
89 59 5 5 5
89 55 5 5 6
71 57 6 6 4
82 6 4 4 5
52 59 4 4 5
93 46 5 5 4
82 1 4 4 5
97 40 6 6 5
52 47 6 6 5
61 7 5 5 7
66 39 6 6 6
87 47 6 6 6
55 18 4 4 7
86 15 5 5 5
58 43 4 4 6
83 55 5 5 7
60 13 6 6 4
70 14 5 5 7
90 28 6 6 7
76 49 6 6 7
70 3 4 4 5
75 10 6 6 7
79 5 5 5 5
55 35 5 5 7
83 28 6 6 7
80 53 4 4 7
94 48 6 6 5
56 33 4 4 6
81 50 4 4 5
98 29 5 5 6
87 0 5 5 6
53 29 5 5 6
59 36 4 4 5
57 43 4 4 4
78 15 5 5 6
95 24 5 5 4
80 35 5 5 4
76 20 4 4 6
72 23 5 5 6
72 41 6 6 4
70 49 5 5 7
76 40 5 5 6
54 52 5 5 6
52 57 5 5 5
79 33 5 5 7
86 44 5 5 6
69 16 6 6 6
92 50 4 4 6
85 11 5 5 4
93 17 6 6 6
68 48 5 5 7
86 23 4 4 6
71 24 5 5 5
86 40 6 6 6
69 34 5 5 6
51 52 4 4 5
76 30 5 5 7
62 27 6 6 6
92 17 4 4 5
51 51 4 4 6
71 49 6 6 5
69 11 5 5 4
50 42 6 6 4
73 59 5 5 6
92 35 5 5 4
85 46 5 5 6
52 57 5 5 6
78 30 5 5 7
60 45 6 6 6
82 11 6 6 5
88 31 6 6 6
64 14 4 4 6
58 6 4 4 7
80 6 5 5 5
53 16 6 6 4
91 14 5 5 6
86 13 6 6 4
59 36 6 6 5
83 1 4 4 6
77 8 4 4 4
70 50 4 4 7
63 42 5 5 5
88 16 5 5 6
61 47 5 5 5
68 59 6 6 6
89 28 4 4 6
62 57 5 5 6
66 55 5 5 4
62 26 6 6 6
57 2 5 5 4
62 28 6 6 5
63 24 4 4 5
64 15 6 6 7
96 11 4 4 6
70 4 6 6 5
73 35 4 4 6
79 20 4 4 7
53 44 4 4 4
69 57 6 6 5
93 51 6 6 5
58 59 4 4 5
58 24 5 5 5
54 13 5 5 5
58 27 5 5 4
53 26 4 4 5
84 13 6 6 7
88 41 6 6 7
81 39 4 4 6
89 42 6 6 4
68 14 6 6 4
