38 49 7 7 8
39 21 7 7 8
15 5 7 7 8
54 47 7 7 7
87 49 7 7 8
7 7 7 7 7
92 38 7 7 7
86 35 7 7 7
87 2 7 7 8
54 15 7 7 8
9 28 7 7 8
9 49 7 7 7
5 40 7 7 7
33 40 7 7 8
98 22 7 7 8
60 5 7 7 8
83 34 7 7 7
32 28 7 7 8
67 16 7 7 8
23 10 7 7 7
44 17 7 7 8
89 26 7 7 8
72 33 7 7 8
2 32 7 7 8
14 19 7 7 7
69 3 7 7 8
16 2 7 7 8
11 24 7 7 8
30 24 7 7 8
43 10 7 7 8
33 32 7 7 7
48 48 7 7 8
2 32 7 7 8
41 3 7 7 7
27 37 7 7 8
45 31 7 7 8
67 30 7 7 7
33 1 7 7 7
39 13 7 7 8
56 32 7 7 8
9 33 7 7 8
80 27 7 7 8
90 32 7 7 8
88 40 7 7 8
52 4 7 7 7
63 39 7 7 7
16 28 7 7 7
15 36 7 7 8
14 17 7 7 7
68 43 7 7 7
72 6 7 7 7
36 27 7 7 7
95 31 7 7 7
45 7 7 7 8
22 41 7 7 8
89 26 7 7 7
18 12 7 7 8
19 19 7 7 7
38 7 7 7 7
71 29 7 7 7
88 46 7 7 8
17 49 7 7 7
66 15 7 7 7
73 12 7 7 8
35 11 7 7 8
63 10 7 7 8
36 30 7 7 7
99 35 7 7 8
64 6 7 7 8
27 43 7 7 8
85 25 7 7 7
78 26 7 7 7
22 9 7 7 8
84 48 7 7 7
60 33 7 7 8
75 16 7 7 8
52 16 7 7 8
29 8 7 7 8
91 33 7 7 8
2 25 7 7 8
13 11 7 7 8
56 45 7 7 8
75 10 7 7 7
25 44 7 7 7
12 11 7 7 8
15 37 7 7 8
48 26 7 7 7
63 23 7 7 8
52 25 7 7 8
89 34 7 7 8
97 49 7 7 8
16 43 7 7 7
28 11 7 7 8
63 27 7 7 8
84 12 7 7 8
48 37 7 7 8
48 34 7 7 8
18 23 7 7 7
11 14 7 7 8
19 26 7 7 8
39 47 7 7 8
53 15 7 7 8
81 19 7 7 8
60 39 7 7 7
48 47 7 7 7
15 26 7 7 8
44 22 7 7 7
19 47 7 7 8
51 37 7 7 7
57 32 7 7 7
28 46 7 7 8
67 8 7 7 8
96 27 7 7 8
2 15 7 7 7
46 42 7 7 7
55 18 7 7 7
86 42 7 7 7
66 16 7 7 7
39 13 7 7 7
44 17 7 7 7
62 43 7 7 8
65 7 7 7 7
44 31 7 7 8
51 4 7 7 7
64 24 7 7 7
17 28 7 7 7
85 12 7 7 8
97 28 7 7 8
25 42 7 7 8
77 8 7 7 7
74 38 7 7 7
91 31 7 7 7
58 43 7 7 7
67 14 7 7 8
1 4 7 7 8
58 41 7 7 7
91 28 7 7 7
19 31 7 7 8
75 14 7 7 8
25 16 7 7 7
28 19 7 7 7
25 31 7 7 7
17 40 7 7 7
31 30 7 7 8
25 40 7 7 7
12 14 7 7 8
62 20 7 7 8
64 24 7 7 8
72 24 7 7 7
55 31 7 7 7
31 25 7 7 8
75 36 7 7 7
47 48 7 7 7
69 48 7 7 7
25 45 7 7 8
82 31 7 7 8
56 38 7 7 7
97 36 7 7 7
22 33 7 7 7
25 41 7 7 8
81 26 7 7 8
27 33 7 7 8
52 13 7 7 7
32 32 7 7 7
5 29 7 7 7
22 28 7 7 7
55 39 7 7 8
37 47 7 7 8
52 24 7 7 8
71 41 7 7 7
66 7 7 7 8
12 18 7 7 7
37 9 7 7 7
79 46 7 7 8
72 45 7 7 8
13 3 7 7 8
91 36 7 7 8
29 16 7 7 7
50 19 7 7 7
14 45 7 7 8
15 25 7 7 7
64 37 7 7 7
65 38 7 7 7
2 9 7 7 7
24 28 7 7 8
37 21 7 7 8
27 8 7 7 8
67 15 7 7 7
43 16 7 7 7
25 17 7 7 7
21 3 7 7 8
36 17 7 7 8
57 10 7 7 8
36 43 7 7 8
40 21 7 7 8
11 39 7 7 8
25 48 7 7 7
17 5 7 7 8
73 4 7 7 8
93 23 7 7 7
5 3 7 7 8
87 15 7 7 8
11 21 7 7 8
81 12 7 7 7
34 36 7 7 8
24 16 7 7 8
69 29 7 7 7
84 9 7 7 7
89 41 7 7 7
69 10 7 7 8
57 48 7 7 8
41 42 7 7 7
21 29 7 7 7
36 46 7 7 7
82 13 7 7 8
31 43 7 7 7
15 0 7 7 8
94 9 7 7 7
31 34 7 7 7
88 23 7 7 7
36 31 7 7 7
61 39 7 7 8
83 33 7 7 8
96 7 7 7 7
74 17 7 7 8
71 44 7 7 7
71 37 7 7 8
75 29 7 7 8
35 1 7 7 7
13 31 7 7 7
24 5 7 7 8
69 17 7 7 8
10 27 7 7 8
80 20 7 7 8
47 43 7 7 8
75 42 7 7 7
98 8 7 7 8
71 28 7 7 8
56 43 7 7 7
37 8 7 7 8
20 20 7 7 8
93 14 7 7 7
21 13 7 7 7
6 18 7 7 7
17 5 7 7 8
51 30 7 7 7
49 20 7 7 7
90 47 7 7 8
97 5 7 7 8
12 14 7 7 8
3 45 7 7 8
59 43 7 7 7
37 24 7 7 7
58 6 7 7 7
52 49 7 7 7
80 25 7 7 7
65 22 7 7 8
75 36 7 7 8
82 8 7 7 8
23 45 7 7 7
43 45 7 7 8
59 45 7 7 7
8 28 7 7 7
3 40 7 7 8
27 28 7 7 8
79 16 7 7 8
79 1 7 7 8
98 21 7 7 8
70 12 7 7 7
53 2 7 7 7
22 20 7 7 7
97 14 7 7 8
43 21 7 7 7
38 18 7 7 7
93 21 7 7 7
55 2 7 7 8
69 2 7 7 8
93 35 7 7 8
44 38 7 7 8
19 36 7 7 7
65 0 7 7 7
78 35 7 7 8
34 43 7 7 8
95 42 7 7 8
57 14 7 7 7
34 35 7 7 7
6 0 7 7 7
84 15 7 7 8
45 32 7 7 7
26 37 7 7 8
29 10 7 7 7
20 46 7 7 8
81 26 7 7 8
83 7 7 7 7
27 41 7 7 8
64 19 7 7 8
95 31 7 7 7
64 35 7 7 8
69 10 7 7 8
77 45 7 7 7
41 8 7 7 8
68 0 7 7 8
64 35 7 7 8
45 3 7 7 8
27 34 7 7 8
85 24 7 7 7
30 7 7 7 7
46 2 7 7 7
28 9 7 7 8
46 43 7 7 8
67 40 7 7 7
27 15 7 7 7
26 27 7 7 7
76 46 7 7 7
57 43 7 7 8
81 29 7 7 8
84 3 7 7 7
51 13 7 7 8
73 3 7 7 7
54 48 7 7 8
18 38 7 7 8
55 21 7 7 8
82 14 7 7 8
2 40 7 7 7
77 3 7 7 8
49 17 7 7 7
38 34 7 7 8
49 29 7 7 8
61 47 7 7 7
15 25 7 7 8
11 49 7 7 8
68 3 7 7 8
49 33 7 7 8
19 47 7 7 7
81 25 7 7 8
77 31 7 7 8
43 5 7 7 7
81 13 7 7 8
46 34 7 7 7
67 17 7 7 8
65 27 7 7 7
17 47 7 7 7
63 25 7 7 8
35 10 7 7 7
4 5 7 7 7
2 22 7 7 7
78 1 7 7 7
56 46 7 7 8
72 9 7 7 8
67 16 7 7 7
99 48 7 7 8
19 36 7 7 8
10 26 7 7 8
16 18 7 7 7
46 23 7 7 7
97 49 7 7 7
66 41 7 7 7
23 46 7 7 7
66 14 7 7 8
6 9 7 7 7
88 12 7 7 8
12 41 7 7 8
11 26 7 7 7
91 33 7 7 7
32 23 7 7 7
92 31 7 7 7
8 14 7 7 7
33 11 7 7 7
14 22 7 7 8
51 15 7 7 7
63 16 7 7 8
8 49 7 7 7
25 41 7 7 8
45 30 7 7 7
17 37 7 7 8
23 49 7 7 8
19 3 7 7 7
20 4 7 7 8
61 27 7 7 8
81 6 7 7 8
74 31 7 7 7
71 21 7 7 7
34 12 7 7 7
95 49 7 7 8
26 25 7 7 8
1 40 7 7 7
3 0 7 7 7
81 17 7 7 7
22 24 7 7 7
62 27 7 7 7
89 17 7 7 8
35 2 7 7 7
4 11 7 7 8
69 36 7 7 8
8 20 7 7 8
4 3 7 7 7
73 33 7 7 8
96 24 7 7 8
84 36 7 7 8
69 39 7 7 7
18 10 7 7 7
80 24 7 7 7
62 26 7 7 7
33 39 7 7 7
82 20 7 7 8
41 19 7 7 7
83 7 7 7 7
65 27 7 7 7
62 28 7 7 7
1 42 7 7 7
29 32 7 7 7
57 49 7 7 8
84 37 7 7 7
14 17 7 7 8
18 35 7 7 7
22 37 7 7 7
75 21 7 7 8
63 45 7 7 8
69 47 7 7 7
12 36 7 7 8
47 20 7 7 7
56 4 7 7 7
16 43 7 7 8
28 18 7 7 8
87 37 7 7 8
50 24 7 7 7
40 40 7 7 7
75 28 7 7 7
7 38 7 7 8
44 40 7 7 7
87 31 7 7 7
76 39 7 7 7
20 4 7 7 7
66 32 7 7 8
55 45 7 7 7
87 45 7 7 8
90 41 7 7 7
23 31 7 7 8
59 9 7 7 7
66 0 7 7 8
69 6 7 7 7
45 37 7 7 7
87 48 7 7 8
34 18 7 7 8
22 2 7 7 7
53 3 7 7 8
74 24 7 7 7
41 3 7 7 8
33 27 7 7 8
38 19 7 7 8
10 28 7 7 7
87 10 7 7 8
51 47 7 7 8
64 2 7 7 8
83 11 7 7 7
45 26 7 7 7
72 4 7 7 7
77 16 7 7 7
69 4 7 7 8
52 34 7 7 7
70 10 7 7 7
38 47 7 7 7
90 46 7 7 8
58 12 7 7 7
93 42 7 7 7
32 35 7 7 8
94 14 7 7 7
76 28 7 7 8
85 20 7 7 7
60 2 7 7 7
20 27 7 7 8
33 40 7 7 8
11 22 7 7 7
1 39 7 7 8
52 28 7 7 8
69 49 7 7 8
24 30 7 7 8
5 21 7 7 8
59 5 7 7 7
45 33 7 7 7
13 14 7 7 8
83 39 7 7 8
18 9 7 7 8
45 26 7 7 7
77 2 7 7 7
38 32 7 7 7
24 23 7 7 7
43 13 7 7 8
3 18 7 7 8
61 28 7 7 7
87 20 7 7 8
96 11 7 7 7
1 20 7 7 8
80 43 7 7 7
55 24 7 7 7
53 40 7 7 7
50 0 7 7 8
77 47 7 7 8
92 29 7 7 7
80 23 7 7 7
3 47 7 7 8
68 20 7 7 8
90 40 7 7 8
91 23 7 7 7
99 20 7 7 7
93 8 7 7 8
9 29 7 7 8
65 45 7 7 7
86 31 7 7 7
92 8 7 7 7
37 19 7 7 7
43 24 7 7 8
29 28 7 7 8
1 31 7 7 7
1 15 7 7 7
8 14 7 7 7
12 48 7 7 8
55 18 7 7 8
94 25 7 7 8
84 27 7 7 7
37 33 7 7 7
11 31 7 7 7
15 35 7 7 7
7 24 7 7 7
96 45 7 7 7
10 44 7 7 8
32 29 7 7 7
1 43 7 7 8
86 6 7 7 7
69 15 7 7 8
89 49 7 7 7
58 18 7 7 8
59 29 7 7 8
36 1 7 7 7
30 31 7 7 7
29 16 7 7 7
12 37 7 7 7
46 9 7 7 7
59 19 7 7 8
36 9 7 7 8
44 0 7 7 8
2 17 7 7 7
73 20 7 7 8
17 31 7 7 7
5 36 7 7 8
63 30 7 7 8
4 43 7 7 7
21 2 7 7 7
89 15 7 7 7
13 11 7 7 7
48 17 7 7 7
83 5 7 7 8
53 0 7 7 7
67 46 7 7 7
82 17 7 7 7
26 37 7 7 7
36 41 7 7 8
46 4 7 7 8
70 13 7 7 7
10 30 7 7 7
82 16 7 7 7
35 30 7 7 8
18 12 7 7 8
93 49 7 7 8
54 0 7 7 7
74 0 7 7 7
31 20 7 7 8
57 19 7 7 8
22 20 7 7 8
36 36 7 7 8
84 21 7 7 7
77 7 7 7 7
76 42 7 7 8
40 31 7 7 7
63 12 7 7 7
3 5 7 7 8
76 6 7 7 7
83 20 7 7 8
91 23 7 7 8
68 10 7 7 7
90 21 7 7 7
34 36 7 7 7
94 34 7 7 8
23 16 7 7 7
2 42 7 7 8
84 40 7 7 8
67 47 7 7 7
61 42 7 7 8
84 10 7 7 7
20 8 7 7 7
13 30 7 7 7
48 8 7 7 8
87 31 7 7 7
45 47 7 7 7
47 9 7 7 8
32 22 7 7 8
99 32 7 7 8
77 11 7 7 7
86 8 7 7 8
24 27 7 7 7
40 32 7 7 8
77 2 7 7 7
8 40 7 7 7
87 30 7 7 7
9 41 7 7 8
2 49 7 7 7
28 23 7 7 7
9 16 7 7 7
13 20 7 7 8
9 29 7 7 8
29 40 7 7 8
9 5 7 7 8
32 22 7 7 8
10 44 7 7 7
84 28 7 7 8
29 24 7 7 8
39 41 7 7 8
85 23 7 7 8
89 29 7 7 8
67 19 7 7 7
46 8 7 7 8
47 0 7 7 7
83 28 7 7 8
21 17 7 7 8
85 20 7 7 8
37 3 7 7 7
53 41 7 7 8
61 32 7 7 8
34 27 7 7 7
22 31 7 7 7
71 38 7 7 7
81 48 7 7 7
58 0 7 7 8
23 9 7 7 7
95 42 7 7 8
39 33 7 7 8
76 15 7 7 8
7 23 7 7 8
7 5 7 7 8
18 20 7 7 7
93 40 7 7 7
91 31 7 7 7
50 34 7 7 8
36 15 7 7 8
65 31 7 7 8
13 33 7 7 8
40 8 7 7 8
79 31 7 7 8
55 48 7 7 7
91 17 7 7 8
60 6 7 7 8
49 12 7 7 8
17 27 7 7 7
59 2 7 7 8
23 40 7 7 8
13 28 7 7 8
13 40 7 7 8
32 8 7 7 7
32 11 7 7 7
24 22 7 7 7
8 41 7 7 8
95 47 7 7 7
1 39 7 7 8
7 21 7 7 8
60 3 7 7 8
64 40 7 7 7
20 42 7 7 7
94 12 7 7 8
31 38 7 7 7
51 18 7 7 7
24 3 7 7 8
85 28 7 7 7
72 2 7 7 8
96 10 7 7 7
17 45 7 7 8
1 5 7 7 8
18 45 7 7 8
96 0 7 7 7
60 9 7 7 8
71 26 7 7 8
75 40 7 7 8
96 38 7 7 7
48 13 7 7 8
62 31 7 7 8
57 4 7 7 7
67 31 7 7 8
57 5 7 7 8
20 6 7 7 7
47 11 7 7 7
9 36 7 7 7
59 45 7 7 8
44 38 7 7 8
27 32 7 7 7
17 4 7 7 7
52 34 7 7 7
78 22 7 7 7
85 8 7 7 8
93 32 7 7 7
93 16 7 7 8
64 30 7 7 8
59 16 7 7 7
96 25 7 7 7
57 33 7 7 8
34 25 7 7 8
16 38 7 7 7
93 32 7 7 7
97 26 7 7 8
72 9 7 7 8
19 43 7 7 7
16 18 7 7 7
91 15 7 7 7
94 0 7 7 8
25 28 7 7 7
33 0 7 7 8
69 34 7 7 7
3 9 7 7 7
82 7 7 7 8
8 17 7 7 8
56 41 7 7 7
37 9 7 7 7
96 32 7 7 8
45 39 7 7 8
14 30 7 7 7
66 27 7 7 7
63 35 7 7 7
97 39 7 7 8
57 28 7 7 8
9 32 7 7 8
14 41 7 7 7
24 8 7 7 7
32 43 7 7 7
47 13 7 7 7
42 17 7 7 8
54 10 7 7 7
21 20 7 7 8
88 8 7 7 8
38 38 7 7 7
68 22 7 7 8
89 17 7 7 8
98 12 7 7 8
1 4 7 7 8
35 5 7 7 7
46 10 7 7 8
81 14 7 7 8
24 45 7 7 7
48 47 7 7 8
52 34 7 7 8
88 18 7 7 8
69 36 7 7 7
64 46 7 7 7
39 5 7 7 8
55 38 7 7 8
66 40 7 7 7
46 15 7 7 8
38 37 7 7 8
21 41 7 7 7
80 41 7 7 8
15 24 7 7 8
52 46 7 7 8
87 16 7 7 8
42 7 7 7 7
1 14 7 7 8
77 5 7 7 7
14 10 7 7 7
37 25 7 7 7
41 31 7 7 7
25 31 7 7 7
98 43 7 7 7
34 36 7 7 8
62 23 7 7 8
65 29 7 7 7
72 12 7 7 8
75 27 7 7 7
70 9 7 7 8
44 21 7 7 8
42 47 7 7 7
24 31 7 7 8
28 46 7 7 8
19 45 7 7 8
82 13 7 7 7
8 48 7 7 8
75 19 7 7 8
46 16 7 7 7
96 2 7 7 7
88 29 7 7 7
27 24 7 7 8
46 15 7 7 8
19 19 7 7 8
59 22 7 7 7
49 7 7 7 7
75 9 7 7 7
40 4 7 7 8
48 10 7 7 8
81 23 7 7 7
53 32 7 7 7
20 19 7 7 7
9 13 7 7 8
43 6 7 7 7
51 19 7 7 7
19 3 7 7 8
90 11 7 7 7
47 15 7 7 8
24 0 7 7 7
95 2 7 7 8
66 43 7 7 8
24 22 7 7 7
57 14 7 7 8
84 29 7 7 7
54 43 7 7 8
22 29 7 7 8
44 19 7 7 7
59 25 7 7 8
77 38 7 7 8
48 15 7 7 7
99 16 7 7 7
39 46 7 7 8
63 2 7 7 7
14 28 7 7 8
1 2 7 7 8
5 39 7 7 8
46 23 7 7 8
4 11 7 7 8
13 15 7 7 7
44 14 7 7 8
12 19 7 7 7
93 27 7 7 7
70 20 7 7 7
18 5 7 7 7
33 25 7 7 7
50 42 7 7 8
85 7 7 7 7
72 21 7 7 7
63 29 7 7 8
31 23 7 7 7
11 4 7 7 7
55 8 7 7 7
81 40 7 7 7
79 13 7 7 7
71 45 7 7 8
72 16 7 7 8
72 0 7 7 7
87 37 7 7 7
52 33 7 7 7
61 11 7 7 7
36 5 7 7 7
77 21 7 7 8
39 1 7 7 7
7 36 7 7 7
29 44 7 7 7
77 27 7 7 7
60 23 7 7 7
18 29 7 7 8
47 11 7 7 8
64 22 7 7 8
52 32 7 7 7
13 27 7 7 8
20 7 7 7 8
59 33 7 7 8
65 45 7 7 8
76 29 7 7 8
9 39 7 7 7
94 5 7 7 8
38 26 7 7 8
94 40 7 7 8
80 1 7 7 7
44 48 7 7 8
17 42 7 7 8
41 46 7 7 8
58 9 7 7 7
72 40 7 7 7
88 5 7 7 7
75 31 7 7 8
1 4 7 7 7
22 0 7 7 7
49 36 7 7 8
95 44 7 7 7
57 21 7 7 8
79 3 7 7 8
18 10 7 7 8
50 47 7 7 7
32 40 7 7 8
62 40 7 7 7
23 8 7 7 7
76 29 7 7 8
19 36 7 7 7
65 5 7 7 8
98 24 7 7 7
4 25 7 7 8
15 3 7 7 7
18 28 7 7 7
57 28 7 7 8
7 33 7 7 7
62 38 7 7 8
52 27 7 7 8
41 34 7 7 7
30 17 7 7 7
57 10 7 7 7
45 49 7 7 8
49 32 7 7 7
99 49 7 7 7
91 28 7 7 8
46 32 7 7 8
24 30 7 7 7
47 44 7 7 8
30 26 7 7 7
79 8 7 7 8
76 40 7 7 7
13 47 7 7 8
24 42 7 7 8
86 39 7 7 7
63 49 7 7 8
93 2 7 7 8
47 29 7 7 8
1 34 7 7 7
76 25 7 7 7
23 45 7 7 8
53 48 7 7 7
79 4 7 7 7
16 39 7 7 7
46 12 7 7 7
24 44 7 7 7
70 2 7 7 7
7 22 7 7 8
61 0 7 7 8
88 20 7 7 7
50 35 7 7 8
94 3 7 7 8
95 45 7 7 7
23 34 7 7 7
35 18 7 7 8
82 27 7 7 8
59 44 7 7 8
19 42 7 7 8
50 34 7 7 8
67 46 7 7 7
67 32 7 7 8
38 2 7 7 8
64 19 7 7 8
41 7 7 7 8
64 19 7 7 8
64 48 7 7 7
48 32 7 7 8
43 43 7 7 7
19 24 7 7 8
16 41 7 7 7
45 24 7 7 8
43 7 7 7 8
95 7 7 7 7
77 18 7 7 8
72 29 7 7 8
89 34 7 7 8
15 48 7 7 8
94 5 7 7 8
21 35 7 7 7
73 41 7 7 7
32 39 7 7 8
77 35 7 7 7
69 19 7 7 7
52 29 7 7 7
32 43 7 7 7
35 26 7 7 8
95 33 7 7 8
87 28 7 7 8
76 19 7 7 8
18 37 7 7 7
88 26 7 7 8
48 33 7 7 8
70 49 7 7 8
45 46 7 7 8
41 0 7 7 8
95 19 7 7 8
34 1 7 7 7
97 41 7 7 7
50 30 7 7 7
13 12 7 7 7
3 10 7 7 7
90 48 7 7 8
49 36 7 7 7
76 13 7 7 8
26 10 7 7 7
26 47 7 7 7
56 4 7 7 8
70 9 7 7 7
40 3 7 7 7
6 40 7 7 7
6 26 7 7 7
90 41 7 7 7
48 15 7 7 7
59 37 7 7 8
96 39 7 7 8
39 23 7 7 7
99 17 7 7 8
34 48 7 7 8
34 16 7 7 8
74 45 7 7 7
70 37 7 7 8
54 31 7 7 7
5 38 7 7 8
84 7 7 7 7
51 11 7 7 8
